# Created by Octave 4.2.2, Mon May 14 02:45:36 2018 CEST <sandro@Inspiron-5551>
# name: B
# type: matrix
# rows: 128
# columns: 128
 2 4 4 2 7 26 39 41 43 40 37 36 58 53 47 26 44 30 26 35 45 40 35 34 30 22 30 63 96 96 57 17 24 27 41 41 31 42 50 34 31 34 36 36 33 29 28 31 30 33 35 38 34 34 35 37 36 33 28 26 24 26 28 30 28 28 28 30 32 35 35 35 32 45 28 43 85 275 85 119 36 34 34 33 33 30 30 28 29 30 31 31 33 32 32 34 36 45 45 37 37 46 44 36 41 41 35 29 34 44 42 32 45 62 49 26 28 28 30 44 39 28 13 4 2 2 2 2
 2 5 5 2 7 28 41 43 36 35 33 35 55 55 51 33 32 26 32 45 45 36 30 35 36 32 37 53 69 67 42 20 26 35 39 39 33 27 23 32 33 31 33 33 35 36 36 37 34 31 29 32 37 38 37 35 38 35 30 27 27 27 30 30 30 30 30 32 34 37 37 37 30 50 32 41 72 213 61 97 36 34 35 35 34 34 32 32 31 34 40 45 48 46 44 42 37 39 42 46 46 41 39 37 41 42 44 47 43 37 33 32 44 57 39 23 35 37 28 33 41 30 13 4 2 2 2 2
 2 5 5 2 7 28 41 43 38 41 41 42 57 63 63 47 44 41 44 47 41 30 32 40 38 39 40 38 37 37 36 37 31 45 30 28 44 28 31 82 46 39 33 32 38 44 44 39 43 35 28 31 39 42 40 37 36 35 32 30 27 27 30 30 30 30 30 32 34 37 37 37 26 53 32 34 53 106 32 61 33 33 33 33 34 34 35 35 28 34 41 50 54 52 48 45 42 34 43 62 61 43 38 42 35 32 38 46 37 27 43 73 48 55 35 24 41 43 28 24 41 30 14 4 2 2 2 2
 2 5 5 2 7 28 41 43 41 44 45 46 54 64 63 51 66 53 40 37 33 29 32 40 34 37 37 31 29 33 46 59 61 71 35 27 57 38 49 134 66 53 39 36 43 49 49 34 50 46 40 39 39 38 40 41 36 35 32 32 30 30 30 30 30 30 30 32 34 37 37 37 31 50 26 31 48 33 23 38 31 30 30 32 34 34 37 36 28 32 36 43 45 44 43 41 50 34 47 78 77 48 41 50 40 28 31 43 36 35 78 140 57 68 48 30 41 43 30 30 41 30 14 5 2 2 2 2
 2 5 5 2 7 28 41 43 35 41 41 38 40 48 46 37 60 41 28 38 49 44 33 26 35 32 30 30 34 41 51 57 74 82 45 33 58 32 33 111 65 52 37 35 41 47 47 32 46 49 49 45 34 30 35 41 36 35 34 34 32 32 30 30 30 30 30 32 34 37 37 37 37 42 21 33 51 12 32 34 28 27 30 31 33 34 34 34 36 36 34 35 33 36 36 38 49 34 45 78 76 45 40 47 48 36 40 52 45 42 87 148 59 75 59 32 34 30 26 38 41 30 14 5 2 2 2 2
 2 5 5 2 7 28 41 44 39 45 46 40 38 44 42 32 44 33 36 62 84 75 47 26 37 35 32 32 36 41 42 40 47 56 39 36 55 32 21 59 44 38 29 31 36 42 42 35 40 43 45 43 39 33 35 37 36 35 36 36 34 32 30 29 30 30 30 32 34 37 37 37 41 33 24 39 46 26 38 35 30 30 32 33 35 33 31 32 42 40 36 33 33 33 35 37 38 30 39 61 59 38 32 38 39 36 42 50 41 31 47 77 46 69 57 33 31 27 24 37 41 30 14 5 2 2 2 2
 2 5 5 2 7 28 41 44 42 51 55 44 43 47 45 38 46 38 46 71 88 75 48 32 36 39 41 39 36 35 37 37 49 46 41 39 46 45 39 37 35 35 35 35 36 38 38 39 41 36 35 47 58 61 50 40 36 35 37 36 36 34 30 27 30 30 30 32 34 37 37 37 40 27 33 46 28 39 30 33 32 33 32 34 33 31 29 28 36 37 37 36 36 34 34 35 33 35 39 43 42 39 35 32 31 33 35 35 31 27 24 23 32 55 49 39 48 45 30 34 41 30 14 5 3 2 2 2
 2 5 5 3 7 27 41 43 34 44 49 40 38 40 43 37 51 43 42 52 54 43 33 30 35 43 49 45 37 34 40 49 95 75 59 45 36 50 55 33 41 45 48 46 43 39 39 41 48 33 29 51 78 87 67 45 34 35 36 38 36 34 30 29 29 30 30 32 34 37 36 36 35 25 43 49 10 45 16 27 34 32 33 31 31 28 27 26 23 27 33 36 38 37 33 32 37 44 44 35 36 44 43 35 39 42 33 27 32 44 42 30 26 45 45 48 69 65 40 32 41 30 14 5 3 2 2 2
 3 5 3 3 5 25 37 39 40 45 50 49 45 43 43 45 36 40 50 59 57 48 44 48 47 45 42 39 37 36 39 40 67 58 47 38 38 41 43 42 42 42 43 41 41 42 49 53 50 41 33 40 50 54 42 31 32 33 32 30 28 32 42 48 23 34 32 33 44 36 25 35 31 32 33 31 25 27 29 31 30 28 30 34 33 28 30 35 39 34 30 30 33 33 32 32 36 38 42 41 37 38 42 43 48 44 37 32 30 34 36 37 40 41 43 44 44 39 33 30 37 26 12 2 2 3 6 4
 2 5 2 1 5 26 36 38 40 45 52 52 47 43 43 43 49 60 70 72 71 71 67 65 57 53 50 47 44 43 44 46 43 43 44 47 51 52 48 44 40 55 70 76 69 56 46 40 39 39 37 39 39 39 35 32 34 35 34 32 29 30 36 41 16 31 36 24 18 34 42 29 26 27 27 27 28 28 28 27 30 23 39 68 63 33 26 42 40 36 31 31 33 33 33 30 37 41 44 44 42 40 44 46 47 46 40 35 31 33 35 37 35 37 39 39 41 41 39 39 39 28 14 2 2 3 3 1
 3 7 4 2 6 27 35 38 40 47 54 55 50 43 40 42 65 91 110 107 103 108 106 92 132 130 127 119 105 89 72 64 49 47 43 45 46 46 44 40 46 68 89 95 80 58 44 37 32 36 39 37 31 27 31 34 36 37 38 36 30 28 30 34 35 44 67 54 29 55 65 16 27 25 23 29 37 37 33 26 45 40 71 114 105 55 39 65 46 41 36 35 36 35 34 31 40 42 46 44 42 41 44 48 48 45 41 37 34 33 35 36 30 33 32 34 38 41 45 48 41 30 14 4 2 2 3 3
 1 4 2 1 6 29 38 39 40 47 54 58 53 46 41 40 70 112 140 132 123 131 135 126 143 153 167 177 179 170 158 148 105 90 70 55 46 44 43 42 52 65 77 75 59 46 45 51 37 36 36 32 31 29 31 30 32 35 39 36 32 29 30 32 45 6 13 23 7 52 94 56 33 27 27 35 48 50 39 30 25 39 67 88 73 38 27 41 48 44 40 40 42 41 40 35 41 41 45 42 40 39 44 47 43 44 40 36 35 35 36 37 32 32 30 32 34 40 45 49 43 32 16 5 2 2 2 4
 2 3 3 2 5 28 37 39 40 47 52 56 53 48 45 45 76 113 131 120 109 125 148 161 155 156 162 167 171 172 172 172 156 142 122 101 85 72 60 53 46 51 54 47 36 33 43 54 50 39 30 30 36 39 35 26 27 31 34 34 32 30 32 34 120 25 14 44 30 42 68 44 33 26 26 35 48 50 39 30 26 58 71 51 34 35 36 25 48 44 40 40 42 42 42 39 40 41 44 43 39 36 40 42 40 40 38 37 34 35 38 38 37 34 32 32 33 37 40 43 43 32 16 5 2 2 3 9
 7 4 2 1 4 27 40 38 40 45 49 52 50 50 52 55 82 94 104 104 107 124 152 178 197 183 163 145 137 138 146 153 164 163 163 156 143 119 90 70 48 48 47 42 37 35 40 44 59 43 30 30 38 43 36 26 27 31 32 32 29 29 32 36 235 100 22 20 11 19 62 86 26 24 22 29 38 38 34 27 45 81 82 42 27 52 58 38 50 44 38 38 40 41 41 40 40 44 46 45 41 36 39 40 38 38 37 37 37 37 37 38 39 36 34 35 35 34 34 36 41 30 14 4 2 2 3 17
 2 4 5 6 6 25 36 38 40 43 45 47 47 50 58 63 83 77 96 136 162 162 160 172 171 164 155 149 148 157 167 175 170 179 191 199 192 168 137 114 85 73 57 48 43 45 46 44 54 45 37 32 34 36 34 32 34 35 32 30 25 25 29 34 53 17 20 70 88 57 26 21 26 26 26 27 29 30 30 29 30 54 55 30 21 38 41 23 49 44 38 38 41 42 42 40 43 46 51 49 44 42 43 45 37 38 37 37 39 38 37 38 33 34 34 36 37 34 34 32 39 27 13 2 2 2 3 5
 3 3 2 3 5 25 37 39 41 42 43 44 45 53 64 73 83 73 111 198 249 218 169 157 155 156 163 167 163 158 151 146 197 204 214 221 223 208 186 170 134 108 73 50 47 52 56 55 48 46 43 35 29 27 32 36 43 39 34 28 21 21 26 29 54 40 17 20 37 32 26 41 30 32 32 30 27 28 33 35 31 39 47 48 44 39 37 30 47 44 40 39 41 41 41 42 47 50 54 54 49 48 51 50 40 38 38 39 40 40 38 37 29 32 35 36 38 36 35 35 37 26 12 2 2 2 4 6
 4 2 2 2 9 31 43 43 45 33 46 57 54 76 112 125 129 105 132 298 414 281 136 167 154 108 176 169 135 178 186 179 172 177 163 158 181 189 190 209 185 158 120 87 64 54 51 49 43 44 43 43 41 37 32 28 50 31 32 31 20 25 32 19 29 28 27 27 30 30 30 31 30 31 32 31 33 35 37 37 37 40 50 58 48 36 38 36 36 41 40 40 43 46 45 44 47 46 46 48 48 48 50 48 52 45 38 35 38 38 38 35 41 48 44 31 31 41 42 36 32 27 20 8 2 2 2 5
 4 4 2 2 9 32 43 43 43 38 56 74 93 150 204 217 201 171 184 311 400 301 176 176 212 187 213 190 178 249 249 171 135 144 133 130 155 166 175 200 207 189 158 123 91 71 62 60 51 49 48 46 44 40 35 32 37 18 22 28 19 28 39 26 27 27 27 28 30 30 30 30 30 31 33 34 39 43 43 42 42 43 53 60 52 41 41 41 41 43 44 43 48 51 45 42 45 44 44 46 46 47 49 49 51 46 41 39 40 39 36 31 44 51 48 37 34 43 45 39 33 29 18 6 2 3 2 4
 4 4 2 2 9 32 43 43 41 45 63 88 137 234 294 288 215 187 197 275 344 330 269 230 263 291 277 237 237 323 347 224 112 127 120 113 129 137 148 177 191 189 180 155 123 95 79 73 62 58 53 48 44 42 39 39 34 18 23 32 27 40 54 42 28 27 27 28 30 30 30 30 31 32 34 38 45 49 49 43 46 46 54 60 57 52 47 47 49 50 47 47 55 57 48 40 44 43 43 44 44 45 47 48 49 48 44 45 46 42 35 30 42 47 44 37 35 41 43 36 38 29 18 6 3 4 3 4
 4 4 2 2 9 32 43 43 43 48 61 89 165 280 325 285 172 147 157 199 259 338 350 295 341 396 336 252 198 235 278 171 123 141 132 119 122 119 126 153 176 192 201 191 157 119 89 76 71 66 59 50 46 43 41 42 41 23 27 36 29 42 53 42 30 29 29 30 32 32 32 33 33 34 36 42 50 54 51 42 45 46 51 56 61 60 54 55 59 55 48 47 49 53 47 43 45 44 43 43 43 43 45 47 51 51 53 53 52 47 40 32 37 39 36 33 33 35 35 33 43 32 18 5 3 4 3 4
