# Created by Octave 4.2.2, Mon May 14 03:06:37 2018 CEST <sandro@Inspiron-5551>
# name: B
# type: matrix
# rows: 32
# columns: 32
 14 17 21 27 34 3 4 0 30 19 496 387 301 237 195 177 177 195 237 301 387 496 19 34 3 34 27 21 17 14 13 13
 14 15 15 16 18 21 65 24 464 297 216 203 197 193 190 188 188 190 193 197 203 221 300 491 42 51 16 15 15 14 14 14
 14 14 14 14 14 46 523 340 243 201 189 189 189 189 189 189 189 189 189 189 193 224 219 224 333 521 45 14 14 14 14 14
 15 14 14 14 44 479 273 214 213 221 193 189 189 189 192 203 204 192 189 193 221 209 204 208 212 273 479 44 14 15 16 16
 20 14 14 45 461 242 213 203 283 219 220 193 189 189 256 397 403 256 193 220 207 203 215 289 204 206 240 461 45 20 28 28
 38 14 48 481 240 219 225 203 508 404 213 221 193 189 494 26 27 511 221 207 203 209 404 532 218 204 204 239 481 70 4 4
 41 14 527 270 213 230 215 203 361 576 312 211 225 189 545 0 0 591 209 203 205 312 576 373 230 212 203 204 270 553 0 0
 30 45 365 210 223 226 205 203 218 519 506 245 215 193 383 15 19 426 203 203 245 506 519 220 226 223 207 203 206 379 32 2
 16 482 214 218 197 212 203 203 203 320 75 431 214 221 200 231 264 217 203 212 431 75 320 203 212 197 218 204 203 214 484 17
 47 343 215 197 219 204 203 203 203 210 446 76 365 218 193 197 217 203 207 365 76 446 210 203 204 219 197 215 203 203 343 48
 524 224 225 226 209 203 203 203 203 203 280 548 535 284 226 225 204 204 282 535 548 280 203 203 203 209 226 225 210 203 217 524
 445 222 198 220 203 203 203 203 203 203 207 434 82 482 247 221 203 228 482 82 434 207 203 203 203 203 220 198 221 206 203 443
 357 193 225 207 203 203 203 203 203 203 203 247 529 45 409 222 211 392 45 529 247 203 203 203 203 203 207 225 193 215 204 346
 262 193 217 203 203 203 203 203 203 203 203 205 392 46 45 321 316 39 47 392 205 203 203 203 203 203 203 217 193 192 210 279
 211 225 213 218 220 220 221 222 223 224 225 225 248 516 16 36 34 15 524 250 225 225 224 223 222 222 221 222 238 193 191 213
 190 227 301 428 450 461 478 490 500 520 532 541 550 548 14 15 14 20 563 561 543 534 522 502 492 481 462 452 428 262 189 190
 190 198 307 440 460 478 490 500 520 532 541 557 564 80 14 15 14 20 95 576 559 544 534 522 502 496 480 463 410 267 189 190
 211 220 213 219 221 222 222 223 224 225 225 226 243 482 16 37 35 15 484 244 227 226 225 224 223 223 222 223 234 194 191 213
 262 193 216 203 203 203 203 203 203 203 203 205 381 46 45 335 330 40 46 381 205 203 203 203 203 203 203 216 193 192 211 280
 358 193 224 206 203 203 203 203 203 203 203 242 520 46 418 223 212 407 45 520 242 203 203 203 203 203 206 224 193 216 204 346
 446 222 198 220 203 203 203 203 203 203 207 425 81 490 254 221 203 235 488 81 426 207 203 203 203 203 220 198 222 206 203 443
 524 224 225 226 209 203 203 203 203 203 273 541 538 292 226 225 204 204 291 536 547 273 203 203 203 209 226 226 210 203 217 524
 47 343 216 197 218 204 203 203 203 209 433 77 382 218 193 193 214 203 207 381 77 433 209 203 204 218 197 216 203 203 342 47
 14 482 214 219 197 211 203 203 203 310 74 444 215 221 189 189 221 204 203 213 444 74 310 203 211 197 219 204 203 212 482 14
 14 45 365 211 224 221 204 203 212 478 516 250 215 193 189 189 193 215 203 203 250 516 478 213 221 224 207 203 206 365 45 14
 14 14 527 270 214 196 214 203 352 69 323 211 225 189 189 189 189 225 209 203 205 322 69 364 196 212 203 204 270 527 14 14
 14 14 48 481 240 215 224 203 502 380 213 221 193 189 189 189 189 193 221 207 203 210 380 530 214 204 204 239 481 48 14 14
 14 14 14 45 461 242 214 203 291 219 220 193 189 189 189 189 189 189 193 220 207 203 216 304 205 206 240 461 45 14 14 14
 14 14 14 14 44 479 274 214 214 221 193 189 189 189 189 189 189 189 189 193 221 209 204 209 212 273 479 44 14 14 14 14
 14 14 14 14 14 46 523 340 243 201 189 189 189 189 189 189 189 189 189 189 193 224 219 224 333 521 45 14 14 14 14 14
 14 15 15 16 18 21 65 24 464 297 216 203 197 193 190 188 188 190 193 197 203 221 300 491 42 51 16 15 15 14 14 14
 14 17 21 27 34 3 4 0 30 19 496 387 301 237 195 177 177 195 237 301 387 496 19 34 3 34 27 21 17 14 13 13


